function mpc = case_test
%CASE9    Power flow data for 33 node distribution system.
%   Please see CASEFORMAT for details on the case file format.
%   Vn = 12.66 kV. Sn = 1 MVA 
%   Obtained from: M. E. Baran and F. F. Wu, "Network Reconfiguration in Distribution Systems for Loss Reduction 
% and Load Balancing,"IEEE Transactions on PWRD, Vol. 4, No. 2, pp. 1401-1407, April 1989.
%% MATPOWER Case Format : Version 1
mpc.version = 2;
%%-----  Power Flow Data  -----%%
%% system MVA base
mpc.baseMVA = 1;

%% bus data
%	bus_i	type	Pd	Qd	Gs	Bs	area	Vm	Va	baseKV	zone	Vmax	Vmin
mpc.bus = [
1	3	0	0	0	0	1	1	0	12.6600000000000	1	1.05000000000000	0.950000000000000
2	1	0	0	0	0	1	1	0	12.6600000000000	1	1.05000000000000	0.950000000000000
3	1	0	0	0	0	1	1	0	12.6600000000000	1	1.05000000000000	0.950000000000000
4	1	0	0	0	0	1	1	0	12.6600000000000	1	1.05000000000000	0.950000000000000
5	1	0	0	0	0	1	1	0	12.6600000000000	1	1.05000000000000	0.950000000000000
6	1	0.00260000000000000	0.00220000000000000	0	0	1	1	0	12.6600000000000	1	1.05000000000000	0.950000000000000
7	1	0.0404000000000000	0.0300000000000000	0	0	1	1	0	12.6600000000000	1	1.05000000000000	0.950000000000000
8	1	0.0750000000000000	0.0540000000000000	0	0	1	1	0	12.6600000000000	1	1.05000000000000	0.950000000000000
9	1	0.0300000000000000	0.0220000000000000	0	0	1	1	0	12.6600000000000	1	1.05000000000000	0.950000000000000
10	1	0.0280000000000000	0.0190000000000000	0	0	1	1	0	12.6600000000000	1	1.05000000000000	0.950000000000000
11	1	0.145000000000000	0.104000000000000	0	0	1	1	0	12.6600000000000	1	1.05000000000000	0.950000000000000
12	1	0.145000000000000	0.104000000000000	0	0	1	1	0	12.6600000000000	1	1.05000000000000	0.950000000000000
13	1	0.00800000000000000	0.00500000000000000	0	0	1	1	0	12.6600000000000	1	1.05000000000000	0.950000000000000
14	1	0.00800000000000000	0.00500000000000000	0	0	1	1	0	12.6600000000000	1	1.05000000000000	0.950000000000000
15	1	0	0	0	0	1	1	0	12.6600000000000	1	1.05000000000000	0.950000000000000
16	1	0.0450000000000000	0.0300000000000000	0	0	1	1	0	12.6600000000000	1	1.05000000000000	0.950000000000000
17	1	0.0600000000000000	0.0350000000000000	0	0	1	1	0	12.6600000000000	1	1.05000000000000	0.950000000000000
18	1	0.0600000000000000	0.0350000000000000	0	0	1	1	0	12.6600000000000	1	1.05000000000000	0.950000000000000
19	1	0	0	0	0	1	1	0	12.6600000000000	1	1.05000000000000	0.950000000000000
20	1	0.00100000000000000	0.000600000000000000	0	0	1	1	0	12.6600000000000	1	1.05000000000000	0.950000000000000
21	1	0.114000000000000	0.0810000000000000	0	0	1	1	0	12.6600000000000	1	1.05000000000000	0.950000000000000
22	1	0.00500000000000000	0.00350000000000000	0	0	1	1	0	12.6600000000000	1	1.05000000000000	0.950000000000000
23	1	0	0	0	0	1	1	0	12.6600000000000	1	1.05000000000000	0.950000000000000
24	1	0.0280000000000000	0.0200000000000000	0	0	1	1	0	12.6600000000000	1	1.05000000000000	0.950000000000000
25	1	0	0	0	0	1	1	0	12.6600000000000	1	1.05000000000000	0.950000000000000
26	1	0.0140000000000000	0.0100000000000000	0	0	1	1	0	12.6600000000000	1	1.05000000000000	0.950000000000000
27	1	0.0140000000000000	0.0100000000000000	0	0	1	1	0	12.6600000000000	1	1.05000000000000	0.950000000000000
28	1	0.0260000000000000	0.0186000000000000	0	0	1	1	0	12.6600000000000	1	1.05000000000000	0.950000000000000
29	1	0.0260000000000000	0.0186000000000000	0	0	1	1	0	12.6600000000000	1	1.05000000000000	0.950000000000000
30	1	0	0	0	0	1	1	0	12.6600000000000	1	1.05000000000000	0.950000000000000
31	1	0	0	0	0	1	1	0	12.6600000000000	1	1.05000000000000	0.950000000000000
32	1	0	0	0	0	1	1	0	12.6600000000000	1	1.05000000000000	0.950000000000000
33	1	0.0140000000000000	0.0100000000000000	0	0	1	1	0	12.6600000000000	1	1.05000000000000	0.950000000000000
34	1	0.0195000000000000	0.0140000000000000	0	0	1	1	0	12.6600000000000	1	1.05000000000000	0.950000000000000
35	1	0.00600000000000000	0.00400000000000000	0	0	1	1	0	12.6600000000000	1	1.05000000000000	0.950000000000000
36	1	0.0260000000000000	0.0185500000000000	0	0	1	1	0	12.6600000000000	1	1.05000000000000	0.950000000000000
37	1	0.0260000000000000	0.0185500000000000	0	0	1	1	0	12.6600000000000	1	1.05000000000000	0.950000000000000
38	1	0	0	0	0	1	1	0	12.6600000000000	1	1.05000000000000	0.950000000000000
39	1	0.0240000000000000	0.0170000000000000	0	0	1	1	0	12.6600000000000	1	1.05000000000000	0.950000000000000
40	1	0.0240000000000000	0.0170000000000000	0	0	1	1	0	12.6600000000000	1	1.05000000000000	0.950000000000000
41	1	0.00120000000000000	0.00100000000000000	0	0	1	1	0	12.6600000000000	1	1.05000000000000	0.950000000000000
42	1	0	0	0	0	1	1	0	12.6600000000000	1	1.05000000000000	0.950000000000000
43	1	0.00600000000000000	0.00430000000000000	0	0	1	1	0	12.6600000000000	1	1.05000000000000	0.950000000000000
44	1	0	0	0	0	1	1	0	12.6600000000000	1	1.05000000000000	0.950000000000000
45	1	0.0392200000000000	0.0263000000000000	0	0	1	1	0	12.6600000000000	1	1.05000000000000	0.950000000000000
46	1	0.0392200000000000	0.0263000000000000	0	0	1	1	0	12.6600000000000	1	1.05000000000000	0.950000000000000
47	1	0	0	0	0	1	1	0	12.6600000000000	1	1.05000000000000	0.950000000000000
48	1	0.0790000000000000	0.0564000000000000	0	0	1	1	0	12.6600000000000	1	1.05000000000000	0.950000000000000
49	1	0.384700000000000	0.274500000000000	0	0	1	1	0	12.6600000000000	1	1.05000000000000	0.950000000000000
50	1	0.384700000000000	0.274500000000000	0	0	1	1	0	12.6600000000000	1	1.05000000000000	0.950000000000000
51	1	0.0405000000000000	0.0283000000000000	0	0	1	1	0	12.6600000000000	1	1.05000000000000	0.950000000000000
52	1	0.00360000000000000	0.00270000000000000	0	0	1	1	0	12.6600000000000	1	1.05000000000000	0.950000000000000
53	1	0.00435000000000000	0.00350000000000000	0	0	1	1	0	12.6600000000000	1	1.05000000000000	0.950000000000000
54	1	0.0264000000000000	0.0190000000000000	0	0	1	1	0	12.6600000000000	1	1.05000000000000	0.950000000000000
55	1	0.0240000000000000	0.0172000000000000	0	0	1	1	0	12.6600000000000	1	1.05000000000000	0.950000000000000
56	1	0	0	0	0	1	1	0	12.6600000000000	1	1.05000000000000	0.950000000000000
57	1	0	0	0	0	1	1	0	12.6600000000000	1	1.05000000000000	0.950000000000000
58	1	0	0	0	0	1	1	0	12.6600000000000	1	1.05000000000000	0.950000000000000
59	1	0.100000000000000	0.0720000000000000	0	0	1	1	0	12.6600000000000	1	1.05000000000000	0.950000000000000
60	1	0	0	0	0	1	1	0	12.6600000000000	1	1.05000000000000	0.950000000000000
61	1	1.24400000000000	0.888000000000000	0	0	1	1	0	12.6600000000000	1	1.05000000000000	0.950000000000000
62	1	0.0320000000000000	0.0230000000000000	0	0	1	1	0	12.6600000000000	1	1.05000000000000	0.950000000000000
63	1	0	0	0	0	1	1	0	12.6600000000000	1	1.05000000000000	0.950000000000000
64	1	0.227000000000000	0.162000000000000	0	0	1	1	0	12.6600000000000	1	1.05000000000000	0.950000000000000
65	1	0.0590000000000000	0.0420000000000000	0	0	1	1	0	12.6600000000000	1	1.05000000000000	0.950000000000000
66	1	0.0180000000000000	0.0130000000000000	0	0	1	1	0	12.6600000000000	1	1.05000000000000	0.950000000000000
67	1	0.0180000000000000	0.0130000000000000	0	0	1	1	0	12.6600000000000	1	1.05000000000000	0.950000000000000
68	1	0.0280000000000000	0.0200000000000000	0	0	1	1	0	12.6600000000000	1	1.05000000000000	0.950000000000000
69	1	0.0280000000000000	0.0200000000000000	0	0	1	1	0	12.6600000000000	1	1.05000000000000	0.950000000000000
];

%% generator data
%	bus	Pg	Qg	Qmax	Qmin	Vg	mBase	status	Pmax	Pmin	Pc1	Pc2	Qc1min	Qc1max	Qc2min	Qc2max	ramp_agc	ramp_10	ramp_30	ramp_q	apf
mpc.gen = [
	1	0	0	300	-300	1	1	1	100	0	0	0	0	0	0	0	0	0	0	0	0;
];

%% branch data
%	fbus	tbus	r	x	b	rateA	rateB	rateC	ratio	angle	status	angmin	angmax
