function mpc = R_Srinivasa_Rao
% These data are collected from:
% D. Zhang, Z. Fu, and L. Zhang, “An improved TS algorithm for lossminimum
% reconfiguration in large-scale distribution systems,?Elect.
% Power Syst. Res., vol. 77, pp. 685?94, 2007.
%% MATPOWER Case Format : Version 2
mpc.version = '2';

%%-----  Power Flow Data  -----%%
%% system MVA base
mpc.baseMVA = 1;

%% bus data
%	bus_i	type	Pd	Qd	Gs	Bs	area	Vm	Va	baseKV	zone	Vmax	Vmin
mpc.bus = [
1	3	0.000000	0.000000	0	0	1	1	0	11	1	1.05	0.95
2	1	0.133840	0.101140	0	0	1	1	0	11	1	1.05	0.95
3	1	0.016214	0.011292	0	0	1	1	0	11	1	1.05	0.95
4	1	0.034315	0.021845	0	0	1	1	0	11	1	1.05	0.95
5	1	0.073016	0.063602	0	0	1	1	0	11	1	1.05	0.95
6	1	0.144200	0.068604	0	0	1	1	0	11	1	1.05	0.95
7	1	0.104470	0.061725	0	0	1	1	0	11	1	1.05	0.95
8	1	0.028547	0.011503	0	0	1	1	0	11	1	1.05	0.95
9	1	0.087560	0.051073	0	0	1	1	0	11	1	1.05	0.95
10	1	0.198200	0.106770	0	0	1	1	0	11	1	1.05	0.95
11	1	0.146800	0.075995	0	0	1	1	0	11	1	1.05	0.95
12	1	0.026040	0.018687	0	0	1	1	0	11	1	1.05	0.95
13	1	0.052100	0.023220	0	0	1	1	0	11	1	1.05	0.95
14	1	0.141900	0.117500	0	0	1	1	0	11	1	1.05	0.95
15	1	0.021870	0.028790	0	0	1	1	0	11	1	1.05	0.95
16	1	0.033370	0.026450	0	0	1	1	0	11	1	1.05	0.95
17	1	0.032430	0.025230	0	0	1	1	0	11	1	1.05	0.95
18	1	0.020234	0.011906	0	0	1	1	0	11	1	1.05	0.95
19	1	0.156940	0.078523	0	0	1	1	0	11	1	1.05	0.95
20	1	0.546290	0.351400	0	0	1	1	0	11	1	1.05	0.95
21	1	0.180310	0.164200	0	0	1	1	0	11	1	1.05	0.95
22	1	0.093167	0.054594	0	0	1	1	0	11	1	1.05	0.95
23	1	0.085180	0.039650	0	0	1	1	0	11	1	1.05	0.95
24	1	0.168100	0.095178	0	0	1	1	0	11	1	1.05	0.95
25	1	0.125110	0.150220	0	0	1	1	0	11	1	1.05	0.95
26	1	0.016030	0.024620	0	0	1	1	0	11	1	1.05	0.95
27	1	0.026030	0.024620	0	0	1	1	0	11	1	1.05	0.95
28	1	0.594560	0.522620	0	0	1	1	0	11	1	1.05	0.95
29	1	0.120620	0.059117	0	0	1	1	0	11	1	1.05	0.95
30	1	0.102380	0.099554	0	0	1	1	0	11	1	1.05	0.95
31	1	0.513400	0.318500	0	0	1	1	0	11	1	1.05	0.95
32	1	0.475250	0.456140	0	0	1	1	0	11	1	1.05	0.95
33	1	0.151430	0.136790	0	0	1	1	0	11	1	1.05	0.95
34	1	0.205380	0.083302	0	0	1	1	0	11	1	1.05	0.95
35	1	0.131600	0.093082	0	0	1	1	0	11	1	1.05	0.95
36	1	0.448400	0.369790	0	0	1	1	0	11	1	1.05	0.95
37	1	0.440520	0.321640	0	0	1	1	0	11	1	1.05	0.95
38	1	0.112540	0.055134	0	0	1	1	0	11	1	1.05	0.95
39	1	0.053963	0.038998	0	0	1	1	0	11	1	1.05	0.95
40	1	0.393050	0.342600	0	0	1	1	0	11	1	1.05	0.95
41	1	0.326740	0.278560	0	0	1	1	0	11	1	1.05	0.95
42	1	0.536260	0.240240	0	0	1	1	0	11	1	1.05	0.95
43	1	0.076247	0.066562	0	0	1	1	0	11	1	1.05	0.95
44	1	0.053520	0.039760	0	0	1	1	0	11	1	1.05	0.95
45	1	0.040328	0.031964	0	0	1	1	0	11	1	1.05	0.95
46	1	0.039653	0.020758	0	0	1	1	0	11	1	1.05	0.95
47	1	0.066195	0.042361	0	0	1	1	0	11	1	1.05	0.95
48	1	0.073904	0.051653	0	0	1	1	0	11	1	1.05	0.95
49	1	0.114770	0.057965	0	0	1	1	0	11	1	1.05	0.95
50	1	0.918370	1.205100	0	0	1	1	0	11	1	1.05	0.95
51	1	0.210300	0.146660	0	0	1	1	0	11	1	1.05	0.95
52	1	0.066680	0.056608	0	0	1	1	0	11	1	1.05	0.95
53	1	0.042207	0.040184	0	0	1	1	0	11	1	1.05	0.95
54	1	0.433740	0.283410	0	0	1	1	0	11	1	1.05	0.95
55	1	0.062100	0.026860	0	0	1	1	0	11	1	1.05	0.95
56	1	0.092460	0.088380	0	0	1	1	0	11	1	1.05	0.95
57	1	0.085188	0.055436	0	0	1	1	0	11	1	1.05	0.95
58	1	0.345300	0.332400	0	0	1	1	0	11	1	1.05	0.95
59	1	0.022500	0.016830	0	0	1	1	0	11	1	1.05	0.95
60	1	0.080551	0.049156	0	0	1	1	0	11	1	1.05	0.95
61	1	0.095860	0.090758	0	0	1	1	0	11	1	1.05	0.95
62	1	0.062920	0.047700	0	0	1	1	0	11	1	1.05	0.95
63	1	0.478800	0.463740	0	0	1	1	0	11	1	1.05	0.95
64	1	0.120940	0.052006	0	0	1	1	0	11	1	1.05	0.95
65	1	0.139110	0.100340	0	0	1	1	0	11	1	1.05	0.95
66	1	0.391780	0.193500	0	0	1	1	0	11	1	1.05	0.95
67	1	0.027741	0.026713	0	0	1	1	0	11	1	1.05	0.95
68	1	0.052814	0.025257	0	0	1	1	0	11	1	1.05	0.95
69	1	0.066890	0.038713	0	0	1	1	0	11	1	1.05	0.95
70	1	0.467500	0.395140	0	0	1	1	0	11	1	1.05	0.95
71	1	0.594850	0.239740	0	0	1	1	0	11	1	1.05	0.95
72	1	0.132500	0.084363	0	0	1	1	0	11	1	1.05	0.95
73	1	0.052699	0.022482	0	0	1	1	0	11	1	1.05	0.95
74	1	0.869790	0.614775	0	0	1	1	0	11	1	1.05	0.95
75	1	0.031349	0.029817	0	0	1	1	0	11	1	1.05	0.95
76	1	0.192390	0.122430	0	0	1	1	0	11	1	1.05	0.95
77	1	0.065750	0.045370	0	0	1	1	0	11	1	1.05	0.95
78	1	0.238150	0.223220	0	0	1	1	0	11	1	1.05	0.95
79	1	0.294550	0.162470	0	0	1	1	0	11	1	1.05	0.95
80	1	0.485570	0.437920	0	0	1	1	0	11	1	1.05	0.95
81	1	0.243530	0.183030	0	0	1	1	0	11	1	1.05	0.95
82	1	0.243530	0.183030	0	0	1	1	0	11	1	1.05	0.95
83	1	0.134250	0.119290	0	0	1	1	0	11	1	1.05	0.95
84	1	0.022710	0.027960	0	0	1	1	0	11	1	1.05	0.95
85	1	0.049513	0.026515	0	0	1	1	0	11	1	1.05	0.95
86	1	0.383780	0.257160	0	0	1	1	0	11	1	1.05	0.95
87	1	0.049640	0.020600	0	0	1	1	0	11	1	1.05	0.95
88	1	0.022473	0.011806	0	0	1	1	0	11	1	1.05	0.95
89	1	0.062930	0.042960	0	0	1	1	0	11	1	1.05	0.95
90	1	0.030670	0.034930	0	0	1	1	0	11	1	1.05	0.95
91	1	0.062530	0.066790	0	0	1	1	0	11	1	1.05	0.95
92	1	0.114570	0.081748	0	0	1	1	0	11	1	1.05	0.95
93	1	0.081292	0.066526	0	0	1	1	0	11	1	1.05	0.95
94	1	0.031733	0.015960	0	0	1	1	0	11	1	1.05	0.95
95	1	0.033320	0.060480	0	0	1	1	0	11	1	1.05	0.95
96	1	0.531280	0.224850	0	0	1	1	0	11	1	1.05	0.95
97	1	0.507030	0.367420	0	0	1	1	0	11	1	1.05	0.95
98	1	0.026390	0.011700	0	0	1	1	0	11	1	1.05	0.95
99	1	0.045990	0.030392	0	0	1	1	0	11	1	1.05	0.95
100	1	0.100660	0.047572	0	0	1	1	0	11	1	1.05	0.95
101	1	0.456480	0.350300	0	0	1	1	0	11	1	1.05	0.95
102	1	0.522560	0.449290	0	0	1	1	0	11	1	1.05	0.95
103	1	0.408430	0.168460	0	0	1	1	0	11	1	1.05	0.95
104	1	0.141480	0.134250	0	0	1	1	0	11	1	1.05	0.95
105	1	0.104430	0.066024	0	0	1	1	0	11	1	1.05	0.95
106	1	0.096793	0.083647	0	0	1	1	0	11	1	1.05	0.95
107	1	0.493920	0.419340	0	0	1	1	0	11	1	1.05	0.95
108	1	0.225380	0.135880	0	0	1	1	0	11	1	1.05	0.95
109	1	0.509210	0.387210	0	0	1	1	0	11	1	1.05	0.95
110	1	0.188500	0.173460	0	0	1	1	0	11	1	1.05	0.95
111	1	0.918030	0.898550	0	0	1	1	0	11	1	1.05	0.95
112	1	0.305080	0.215370	0	0	1	1	0	11	1	1.05	0.95
113	1	0.054380	0.040970	0	0	1	1	0	11	1	1.05	0.95
114	1	0.211140	0.192900	0	0	1	1	0	11	1	1.05	0.95
115	1	0.067009	0.053336	0	0	1	1	0	11	1	1.05	0.95
116	1	0.162070	0.090321	0	0	1	1	0	11	1	1.05	0.95
117	1	0.048785	0.029156	0	0	1	1	0	11	1	1.05	0.95
118	1	0.033900	0.018980	0	0	1	1	0	11	1	1.05	0.95
];
%% generator data
%	bus	Pg	Qg	Qmax	Qmin	Vg	mBase	status	Pmax	Pmin	Pc1	Pc2	Qc1min	Qc1max	Qc2min	Qc2max	ramp_agc	ramp_10	ramp_30	ramp_q	apf
mpc.gen = [
	1	20	20	100	-100	1 1 1	100	0	0	0	0	0	0	0	0	0	0	0	0;
];

%% branch data
%	fbus	tbus	r	x	b	rateA	rateB	rateC	ratio	angle	status	angmin	angmax
